294.9408
295.1196
295.3356
295.5963
295.8954
296.2204
296.5646
296.9232
297.2914
297.6645
298.0379
298.4084
298.7742
299.1336
299.4852
299.8272
300.158
300.4767
300.7851
301.0881
301.3906
301.6953
302.0025
302.3124
302.6248
302.9398
303.2574
303.5774
303.9
304.2256
304.558
304.9041
305.2725
305.6734
306.1138
306.5869
307.0712
307.5435
307.985
308.3845
308.7444
309.0765
309.3753
309.6183
309.7922
309.9007
309.9604
309.9951
310.0305
310.0903
310.1891
310.3328
310.5254
310.7702
311.0678
311.4154
311.8099
312.2481
312.7243
313.2224
313.7292
314.2443
314.7702
315.31
315.867
316.4432
317.0399
317.6611
318.3162
319.016
319.767
320.5708
321.4272
322.3339
323.2869
324.283
325.3211
326.4014
327.5236
328.6883
329.8997
331.1639
332.484
333.8565
335.2722
336.7199
338.1902
339.6776
341.1819
342.7025
344.2369
345.7821
347.3327
348.8753
350.3919
351.869
353.3034
354.7017
356.0784
357.4489
358.8767
360.45
362.1308
363.9121
365.7905
367.7585
369.7862
371.8471
373.9398
376.0659
378.2262
380.4214
382.6522
384.9188
